J,0.0,-0.0,1.2070300579071045,2.0,2.000001907348633,0.5,0,1.570796251296997,-0.0,0.0,
S,0.0,-1.0524824857711792,0.0,4.0,8.0,0.5,0,0.0,0.0,0.0,
S,0.0,-8.524751663208008,0.0,14.0,7.0,0.5,0,0.0,0.0,0.0,
M,0.002535999985411763,-13.274751663208008,-2.5,14.0,3.0,0.5,0,0.0,0.0,0.0,
S,0.0,-18.024751663208008,0.0,14.0,7.0,0.5,0,0.0,0.0,0.0,
M,0.0025358349084854126,-22.81049919128418,-2.5,14.0,3.0,0.5,0,0.0,0.0,0.0,
S,0.0,-27.524751663208008,0.0,14.0,7.0,0.5,0,0.0,0.0,0.0,
P,4.475289821624756,-0.6722015142440796,4.613495826721191,5.0,9.0,10.0,0,0.0,0.0,0.0,
P,-4.655819892883301,-0.5499478578567505,4.389622688293457,5.400000095367432,9.0,10.0,0,0.0,0.0,0.0,
P,8.008678436279297,-34.96499252319336,2.665203094482422,2.0,60.0,14.000000953674316,0,0.0,0.0,0.0,
P,-7.863788604736328,-17.953245162963867,2.3167765140533447,2.0,26.0,14.000000953674316,0,0.0,0.0,0.0,
P,0.002535999985411763,-11.780726432800293,-1.2352312803268433,14.0,0.5,2.0,0,0.0,0.0,0.0,
P,0.002535999985411763,-14.757566452026367,-1.2352312803268433,14.0,0.5,2.0,0,0.0,0.0,0.0,
P,0.002535999985411763,-21.279918670654297,-1.2352312803268433,14.0,0.5,2.0,0,0.0,0.0,0.0,
P,0.002535999985411763,-24.27667808532715,-1.2352312803268433,14.0,0.5,2.0,0,0.0,0.0,0.0,
P,-1.5887900590896606,-27.54772186279297,1.6296226978302002,4.0,7.099999904632568,10.0,0,0.0,0.0,0.0,
P,-7.090421199798584,-38.562503814697266,2.9884727001190186,15.0,15.0,14.000000953674316,0,0.0,0.0,0.0,
S,3.629899263381958,-38.54906463623047,0.0,6.699999809265137,15.0,0.5,0,0.0,0.0,0.0,
S,-3.0012333393096924,-52.87913513183594,0.0,20.0,15.0,0.5,0,0.0,0.0,0.0,
P,-3.97335147857666,-65.02474975585938,5.0,22.0,2.0,10.0,0,0.0,0.0,0.0,
P,-13.915271759033203,-53.066287994384766,5.0,2.0,14.0,10.0,0,0.0,0.0,0.0,
P,-13.905609130859375,-62.07841873168945,4.50467586517334,2.0,4.0,10.0,0,0.0,0.0,0.0,
S,-18.94913101196289,-62.22798538208008,9.753029823303223,12.0,4.0,0.5,0,0.0,0.0,0.0,
S,-26.882863998413086,-65.07762145996094,9.753029823303223,4.0,10.0,0.5,0,0.0,0.0,0.0,
P,-9.160487174987793,-62.165836334228516,10.698836326599121,0.5,4.0,8.0,0,0.0,0.0,0.0,
P,-10.894899368286133,-60.09220504760742,10.698836326599121,4.0,0.5,8.0,0,0.0,0.0,0.0,
P,-21.409259796142578,-60.0529670715332,12.350000381469727,17.0,0.5,4.699999809265137,0,0.0,0.0,0.0,
P,-16.972822189331055,-67.19438934326172,12.350000381469727,16.0,6.0,4.699999809265137,0,0.0,0.0,0.0,
S,-27.009788513183594,-72.5717544555664,9.753029823303223,14.0,5.0,0.5,0,0.0,0.0,0.0,
S,-22.526687622070312,-80.032958984375,9.753029823303223,5.0,10.0,0.5,0,0.0,0.0,0.0,
S,-31.494909286499023,-80.07183074951172,9.753029823303223,5.0,10.0,0.5,0,0.0,0.0,0.0,
S,-27.009788513183594,-88.04630279541016,9.753029823303223,14.0,6.0,0.5,0,0.0,0.0,0.0,
P,-29.611635208129883,-75.98381042480469,12.335356712341309,2.0,2.0,5.999999523162842,0,0.0,-0.0,0.0,
S,-40.99077606201172,-83.72573852539062,9.753029823303223,14.0,3.0,0.5,0,0.0,0.0,0.0,
S,-49.44415283203125,-85.70954895019531,9.753029823303223,3.0,7.0,0.5,0,0.0,0.0,0.0,
S,-41.81957244873047,-90.213623046875,9.753029823303223,3.0,10.0,0.5,0,0.0,0.0,0.0,
S,-41.06772232055664,-96.72560119628906,9.753029823303223,14.0,3.0,0.5,0,0.0,0.0,0.0,
S,-35.66652297973633,-104.2199935913086,9.753029823303223,3.0,12.0,0.5,0,0.0,0.0,0.0,
S,-32.672794342041016,-106.7057113647461,9.726252555847168,3.0,7.0,0.5,0,0.0,0.0,0.0,
S,-49.5589599609375,-99.40852355957031,9.753029823303223,3.0,12.0,0.5,0,0.0,0.0,0.0,
S,-51.579952239990234,-106.85809326171875,9.753029823303223,7.0,3.0,0.5,0,0.0,0.0,0.0,
P,-34.15224075317383,-101.74395751953125,12.350000381469727,0.5,13.0,4.699999809265137,0,0.0,0.0,0.0,
P,-37.205997467041016,-90.22883605957031,12.350000381469727,6.399999618530273,10.100000381469727,4.699999809265137,0,0.0,0.0,0.0,
P,-45.659542083740234,-90.2159194946289,12.350000381469727,5.0,10.100000381469727,4.699999809265137,0,0.0,0.0,0.0,
P,-31.285934448242188,-65.12936401367188,12.335334777832031,5.5,10.0,4.699999809265137,0,0.0,0.0,0.0,
P,-42.45486831665039,-76.11505126953125,12.350000381469727,17.0,12.5,4.699999809265137,0,0.0,0.0,0.0,
P,-51.884056091308594,-93.60940551757812,12.350000381469727,2.0,23.5,4.699999809265137,0,0.0,0.0,0.0,
P,-42.490386962890625,-104.22042846679688,12.350000381469727,11.299999237060547,12.0,4.699999809265137,0,0.0,0.0,0.0,
P,-16.541309356689453,-76.21867370605469,12.350000381469727,7.0,12.5,4.699999809265137,0,0.0,0.0,0.0,
P,-55.315372467041016,-106.8684310913086,12.350000381469727,0.5,3.0,4.699999809265137,0,0.0,0.0,0.0,
P,-54.23003005981445,-105.13894653320312,12.350000381469727,2.700000047683716,0.5,4.699999809265137,0,0.0,0.0,0.0,
P,-51.828948974609375,-108.55799865722656,12.350000381469727,7.5,0.5,4.699999809265137,0,0.0,0.0,0.0,
P,-33.972442626953125,-112.12764739990234,12.350000381469727,6.0,4.0,4.699999809265137,0,0.0,0.0,0.0,
P,-30.958921432495117,-106.64921569824219,12.350000381469727,0.5,7.0,4.699999809265137,0,0.0,0.0,0.0,
P,-32.35023880004883,-102.97664642333984,12.350000381469727,3.0,0.5,4.699999809265137,0,0.0,0.0,0.0,
P,-49.51295471191406,-91.31732177734375,12.350000381469727,2.700000047683716,4.300000190734863,4.699999809265137,0,0.0,0.0,0.0,
S,-16.54692268371582,-83.93749237060547,9.753029823303223,7.0,3.0,0.5,0,0.0,0.0,0.0,
P,-16.535566329956055,-87.9106216430664,12.350000381469727,7.199999809265137,5.0,4.699999809265137,0,0.0,0.0,0.0,
S,-7.045105934143066,-84.39969635009766,9.753029823303223,12.0,12.0,0.5,0,0.0,0.0,0.0,
P,-0.8024371862411499,-84.44530487060547,12.350000381469727,0.5,12.0,4.699999809265137,0,0.0,0.0,0.0,
P,-7.008706092834473,-78.18670654296875,12.350000381469727,12.0,0.5,4.699999809265137,0,0.0,0.0,0.0,
P,-7.008709907531738,-90.61614227294922,12.350000381469727,12.0,0.5,4.699999809265137,0,0.0,0.0,0.0,
P,-22.434499740600586,-89.98527526855469,12.350000381469727,4.699999809265137,2.0,4.699999809265137,0,0.0,0.0,0.0,
P,-30.91320037841797,-89.9750747680664,12.350000381469727,6.199999809265137,2.0,4.699999809265137,0,0.0,0.0,0.0,
P,0.0,3.9629387855529785,4.1020827293396,5.0,2.0,10.0,0,0.0,0.0,0.0,
S,-1.2316676378250122,-62.255558013916016,0.0,16.399999618530273,3.799999952316284,0.5,0,0.0,0.0,0.0,
S,-11.891361236572266,-62.8264045715332,-1.3821089267730713,5.0,5.0,2.0,0,0.0,0.0,0.0,
P,-29.611635208129883,-77.93022918701172,12.335356712341309,2.0,2.0,5.999999523162842,0,0.0,-0.0,0.0,
P,-27.90940284729004,-75.18134307861328,12.335356712341309,2.0,2.0,5.999999523162842,0,0.0,-0.0,0.0,
P,-24.526140213012695,-76.67208862304688,12.335356712341309,2.0,2.0,5.999999523162842,0,0.0,-0.0,0.0,
P,-24.526140213012695,-80.63395690917969,12.335356712341309,2.0,2.0,5.999999523162842,0,0.0,-0.0,0.0,
P,-24.526140213012695,-82.61061096191406,12.335356712341309,2.0,2.0,5.999999523162842,0,0.0,-0.0,0.0,
P,-26.27585792541504,-85.24684143066406,12.335356712341309,2.0,2.0,5.999999523162842,0,0.0,-0.0,0.0,
P,-24.526140213012695,-84.55614471435547,12.335356712341309,2.0,2.0,5.999999523162842,0,0.0,-0.0,0.0,
P,-24.526140213012695,-78.64530944824219,12.335356712341309,2.0,2.0,5.999999523162842,0,0.0,-0.0,0.0,
P,-29.611635208129883,-83.97501373291016,12.335356712341309,2.0,2.0,5.999999523162842,0,0.0,-0.0,0.0,
P,-29.611635208129883,-81.98062133789062,12.335356712341309,2.0,2.0,5.999999523162842,0,0.0,-0.0,0.0,
P,-29.611635208129883,-79.9488525390625,12.335356712341309,2.0,2.0,5.999999523162842,0,0.0,-0.0,0.0,
P,-28.201936721801758,-85.24684143066406,12.335356712341309,2.0,2.0,5.999999523162842,0,0.0,-0.0,0.0,
P,-25.937238693237305,-75.18134307861328,12.335356712341309,2.0,2.0,5.999999523162842,0,0.0,-0.0,0.0,
B,-4.826650142669678,-18.40245246887207,1.5667699575424194,2.5,2.5,2.5,0,0.0,0.0,0.0,
B,4.96750020980835,-18.40245246887207,1.5667699575424194,2.5,2.5,2.5,0,0.0,0.0,0.0,
B,3.936379909515381,-9.38115119934082,1.5667699575424194,2.5,2.5,2.5,0,0.0,0.0,0.0,
D,-17.880958557128906,-83.91605377197266,12.363320350646973,0.20000000298023224,3.0,4.699999809265137,0,0.0,0.0,3.1415927410125732,
Y,-26.280982971191406,-90.86841583251953,12.273825645446777,2.0,2.0,4.5,0,0.0,0.0,0.0,
G,-27.091264724731445,-80.07183074951172,8.231627464294434,5.0,10.0,3.0,0,0.0,0.0,0.0,
L,-54.02180099487305,-106.78900146484375,9.052399635314941,0.3296862244606018,0.6787632703781128,0.06593724340200424,0,0.0,-0.0,0.0,
C,-11.162400245666504,-62.20615005493164,12.302855491638184,7.0586724281311035,5.085616111755371,8.122984886169434,0,0.00022560928482562304,0.651871383190155,-0.5634776949882507,
E,-4.393290042877197,-89.36624908447266,12.037300109863281,2.0,2.0,4.0,0,3.1415934562683105,-0.0,3.1415927410125732,
E,-9.028050422668457,-89.36624908447266,12.037300109863281,2.0,2.0,4.0,0,3.1415934562683105,-0.0,3.1415927410125732,
E,-4.393290042877197,-79.46205139160156,12.037300109863281,2.0,2.0,4.0,0,3.1415934562683105,-0.0,0.0,
E,-9.028050422668457,-79.46205139160156,12.037300109863281,2.0,2.0,4.0,0,3.1415934562683105,-0.0,0.0,
X,-10.268054008483887,-50.06086349487305,1.6004482507705688,1,0.4289669990539551,0.7348759770393372,0,1.570796251296997,-0.0,0.0,
X,-8.726236343383789,-50.83287048339844,2.0,1,0.4289669990539551,0.7348759770393372,0,1.570796251296997,-0.0,0.0,
X,-9.55566120147705,-50.75336837768555,1.0769673585891724,1,0.4289669990539551,0.7348759770393372,0,1.570796251296997,-0.0,0.0,
X,-9.831818580627441,-50.839134216308594,1.4814757108688354,1,0.4289669990539551,0.7348759770393372,0,1.570796251296997,-0.0,0.0,
X,-10.396309852600098,-51.833251953125,1.292164921760559,1,0.4289669990539551,0.7348759770393372,0,1.570796251296997,-0.0,0.0,
A,-5.365600109100342,-28.015899658203125,0.41751450300216675,1.0,0.4999999701976776,0.5,0,0.0,0.0,0.0,
A,-32.057899475097656,-70.87039947509766,10.14109992980957,1.0,0.4999999701976776,0.5,0,0.0,0.0,3.1415927410125732,
A,-32.62160110473633,-103.51000213623047,10.15719985961914,1.0,0.4999999701976776,0.5,0,0.0,0.0,3.1415927410125732,
V,-21.82830047607422,-71.09400177001953,10.264273643493652,0.5,1.0,0.5,0,0.0,0.0,1.5707963705062866,
D,-26.286100387573242,-89.79840087890625,12.327300071716309,0.20000000298023224,3.0,4.699999809265137,0,0.0,0.0,4.71238899230957,
S,-0.20870208740234375,-31.94097328186035,9.33691120147705,20.014921188354492,58.83209991455078,3.638024091720581,0,0.0,0.0,0.0,
S,-31.684528350830078,-90.07020568847656,15.269140243530273,54.99946975708008,50.20691680908203,1.3726438283920288,0,0.0,0.0,0.0,
I,-12.790203094482422,-58.55816650390625,1.7999999523162842,0.2985319495201111,0.24479836225509644,0.30211594700813293,0,0.0,-0.0,-1.5707963705062866,
I,-14.125568389892578,-64.07099151611328,11.583888053894043,0.2985319495201111,0.24479836225509644,0.30211594700813293,0,0.0,-0.0,3.1415927410125732,
P,-5.296892166137695,-29.739757537841797,3.7843687534332275,4.598069190979004,1.4529190063476562,1.379386305809021,0,0.0,1.5707963705062866,-1.5707963705062866,
P,-6.658549785614014,-90.06155395507812,11.707874298095703,2.9864962100982666,1.4925205707550049,0.8787937164306641,0,1.5707963705062866,-1.5707963705062866,0.0,
P,-11.50979995727539,-90.06155395507812,11.707874298095703,2.9864962100982666,1.4925205707550049,0.8787937164306641,0,1.5707963705062866,-1.570796251296997,0.0,
P,-11.50979995727539,-78.81491088867188,11.707874298095703,2.9864962100982666,1.4925205707550049,0.8787937164306641,0,-1.5707963705062866,-1.570796251296997,0.0,
P,-6.658549785614014,-78.81491088867188,11.707874298095703,2.9864962100982666,1.4925205707550049,0.8787937164306641,0,-1.5707963705062866,-1.570796251296997,0.0,
P,-2.349179983139038,-78.81491088867188,11.707874298095703,2.9864962100982666,1.4925205707550049,0.8787937164306641,0,-1.5707963705062866,-1.570796251296997,0.0,
P,-2.349179983139038,-90.06155395507812,11.707874298095703,2.9864962100982666,1.4925205707550049,0.8787937164306641,0,1.5707963705062866,-1.5707963705062866,0.0,
P,-49.480499267578125,-88.92774963378906,11.788901329040527,3.570537567138672,1.128234624862671,0.522907018661499,0,0.0,1.5707963705062866,-1.5707963705062866,
P,-50.35544204711914,-88.30805969238281,11.719844818115234,3.5671639442443848,1.1271687746047974,0.5477093458175659,0,3.454045295715332,1.3456151485443115,0.0,
P,-4.939507484436035,-56.70549392700195,0.9085839986801147,1.0573070049285889,1.475578784942627,1.256152868270874,0,0.0,0.0,4.71238899230957,
P,-1.0131192207336426,-56.857666015625,0.9085839986801147,1.0573070049285889,1.475578784942627,1.256152868270874,0,0.0,-0.0,-2.1062400341033936,
P,-2.947882652282715,-53.03209686279297,0.9085839986801147,1.0573070049285889,1.475578784942627,1.256152868270874,0,0.0,-0.0,-0.33359333872795105,
P,6.138895034790039,-49.11465835571289,0.9085839986801147,1.0573070049285889,1.475578784942627,1.256152868270874,0,-2.104858875274658,-1.570796251296997,0.0,
P,-3.5649921894073486,-46.58006286621094,0.9085839986801147,1.0573070049285889,1.475578784942627,1.256152868270874,0,0.0,-0.0,1.6754286289215088,
P,5.378013610839844,-62.20441436767578,1.5694329738616943,3.031069040298462,2.2621662616729736,2.2502992153167725,0,0.0,0.0,0.0,
P,-7.352685928344727,-54.99747848510742,0.8296949863433838,1.667426347732544,2.2296133041381836,1.1487946510314941,0,0.0,0.0,1.5707963705062866,
P,-5.118034362792969,-55.0137825012207,0.8296949863433838,1.667426347732544,2.2296133041381836,1.1487946510314941,0,0.0,0.0,1.5707963705062866,
P,-2.893019676208496,-55.00605392456055,0.8296949863433838,1.667426347732544,2.2296133041381836,1.1487946510314941,0,0.0,0.0,1.5707963705062866,
P,-0.6702840924263,-55.01335906982422,0.8296949863433838,1.667426347732544,2.2296133041381836,1.1487946510314941,0,0.0,0.0,1.5707963705062866,
P,1.5164332389831543,-55.03502655029297,0.8296949863433838,1.667426347732544,2.2296133041381836,1.1487946510314941,0,0.0,0.0,1.5707963705062866,
P,-5.819925308227539,-46.913330078125,0.8296949863433838,1.667426347732544,2.2296133041381836,1.1487946510314941,0,0.0,0.0,1.5707963705062866,
P,-7.690733432769775,-47.38712692260742,0.9085839986801147,1.0573070049285889,1.475578784942627,1.256152868270874,0,0.0,-0.0,-0.33359333872795105,
P,-6.864203453063965,-53.23278045654297,0.9085839986801147,1.0573070049285889,1.475578784942627,1.256152868270874,0,0.0,-0.0,1.6754286289215088,
P,-2.893019676208496,-63.20966720581055,0.8296949863433838,1.667426347732544,2.2296133041381836,1.1487946510314941,0,0.0,0.0,1.5707963705062866,
P,-2.6757001876831055,-61.48587417602539,0.9085839986801147,1.0573070049285889,1.475578784942627,1.256152868270874,0,0.0,-0.0,1.6754286289215088,
P,-5.105178356170654,-63.03921127319336,0.9085839986801147,1.0573070049285889,1.475578784942627,1.256152868270874,0,0.0,-0.0,-0.33359333872795105,
P,1.0546925067901611,-52.758235931396484,0.9085839986801147,1.0573070049285889,1.475578784942627,1.256152868270874,0,0.0,-0.0,0.8726646304130554,
P,-32.93629837036133,-88.1989974975586,10.987099647521973,1.667426347732544,2.2296133041381836,1.1487946510314941,0,0.0,0.0,1.5707963705062866,
P,-21.33839988708496,-88.1989974975586,10.987099647521973,1.667426347732544,2.2296133041381836,1.1487946510314941,0,0.0,0.0,1.5707963705062866,
P,-1.190016746520996,-84.24153137207031,12.037300109863281,0.20000000298023224,6.0,2.0,0,0.0,0.0,0.0,
P,4.475289821624756,-5.4539899826049805,4.703239917755127,0.4399999976158142,1.2134039402008057,0.5590000152587891,0,1.570796251296997,-0.0,-3.1415927410125732,
P,-4.655819892883301,-5.4539899826049805,4.703239917755127,0.4399999976158142,1.2134039402008057,0.5590000152587891,0,1.570796251296997,-0.0,-3.1415927410125732,
P,-1.5887900590896606,-23.720600128173828,4.703239917755127,0.4399999976158142,1.2134039402008057,0.5590000152587891,0,1.570796251296997,-0.0,0.0,
P,6.740940093994141,-38.26190185546875,4.703239917755127,0.4399999976158142,1.2134039402008057,0.5590000152587891,0,1.570796251296997,-0.0,-1.5707963705062866,
P,-1.9752299785614014,-63.76110076904297,4.703239917755127,0.4399999976158142,1.2134039402008057,0.5590000152587891,0,1.570796251296997,0.0,0.0,
P,-6.0950398445129395,-46.30889892578125,4.703239917755127,0.4399999976158142,1.2134039402008057,0.5590000152587891,0,1.570796251296997,0.0,-3.1415927410125732,
P,-28.269699096679688,-62.427101135253906,13.390600204467773,0.4399999976158142,1.2134039402008057,0.5590000152587891,0,1.570796251296997,0.0,1.5707963705062866,
P,-33.6859016418457,-76.11509704589844,13.390600204467773,0.4399999976158142,1.2134039402008057,0.5590000152587891,0,1.570796251296997,0.0,1.5707963705062866,
P,-33.6859016418457,-76.11509704589844,13.390600204467773,0.4399999976158142,1.2134039402008057,0.5590000152587891,0,1.570796251296997,0.0,1.5707963705062866,
P,-20.316200256347656,-76.11509704589844,13.390600204467773,0.4399999976158142,1.2134039402008057,0.5590000152587891,0,1.570796251296997,0.0,-1.5707963705062866,
P,-22.434499740600586,-88.72360229492188,13.390600204467773,0.4399999976158142,1.2134039402008057,0.5590000152587891,0,1.570796251296997,0.0,0.0,
P,-30.91320037841797,-88.72360229492188,13.390600204467773,0.4399999976158142,1.2134039402008057,0.5590000152587891,0,1.570796251296997,0.0,0.0,
P,-50.621498107910156,-83.95549774169922,13.390600204467773,0.4399999976158142,1.2134039402008057,0.5590000152587891,0,1.570796251296997,0.0,1.5707963705062866,
P,-49.534000396728516,-108.03900146484375,13.390600204467773,0.4399999976158142,1.2134039402008057,0.5590000152587891,0,1.570796251296997,0.0,0.0,
P,-32.624900817871094,-109.86199951171875,13.390600204467773,0.4399999976158142,1.2134039402008057,0.5590000152587891,0,1.570796251296997,0.0,0.0,
P,-41.78310012817383,-97.9552993774414,13.390600204467773,0.4399999976158142,1.2134039402008057,0.5590000152587891,0,1.570796251296997,0.0,0.0,
P,-12.668000221252441,-87.57510375976562,13.390600204467773,0.4399999976158142,1.2134039402008057,0.5590000152587891,0,1.570796251296997,0.0,1.5707963705062866,
P,-12.668000221252441,-80.4375991821289,13.390600204467773,0.4399999976158142,1.2134039402008057,0.5590000152587891,0,1.570796251296997,0.0,1.5707963705062866,
P,-1.3194299936294556,-80.89029693603516,13.390600204467773,0.4399999976158142,1.2134039402008057,0.5590000152587891,0,1.570796251296997,0.0,-1.5707963705062866,
P,-1.3194299936294556,-87.57510375976562,13.390600204467773,0.4399999976158142,1.2134039402008057,0.5590000152587891,0,1.570796251296997,0.0,-1.5707963705062866,
P,-12.185600280761719,-46.9739990234375,0.2772020101547241,0.5986212491989136,0.5986212491989136,1.342444658279419,0,0.0,1.2328481674194336,0.0,
P,-32.93629837036133,-88.29340362548828,11.129159927368164,0.5986212491989136,0.5986212491989136,1.342444658279419,0,0.0,0.0,0.0,
P,-36.51810073852539,-109.72599792480469,10.001082420349121,0.5986212491989136,0.5986212491989136,1.342444658279419,0,0.0,0.0,0.0,
P,-12.493900299072266,-47.30950164794922,0.25177404284477234,0.828587532043457,0.828587532043457,0.988534152507782,0,0.0,0.0,0.0,
P,-22.887500762939453,-88.56500244140625,9.998971939086914,0.828587532043457,0.828587532043457,0.988534152507782,0,0.0,0.0,0.0,
P,-20.447799682617188,-70.60369873046875,10.000387191772461,0.828587532043457,0.828587532043457,0.988534152507782,0,0.0,0.0,0.0,
P,-11.59179973602295,-46.441200256347656,0.24822568893432617,0.7667751908302307,0.7667752504348755,1.2820260524749756,0,0.0,0.0,0.0,
P,-33.125,-70.12319946289062,10.388999938964844,0.7667751908302307,0.7667752504348755,1.282025933265686,0,-1.6768198013305664,0.38882967829704285,0.47084271907806396,
P,-12.43019962310791,-46.51919937133789,0.22944001853466034,0.9076879024505615,0.9076879024505615,0.980954647064209,0,0.0,0.0,0.0,
P,-34.9031982421875,-95.85479736328125,10.958327293395996,0.9076879024505615,0.9076879024505615,0.980954647064209,0,-3.1415927410125732,0.0,0.0,
P,-50.40919876098633,-93.99819946289062,9.987110137939453,0.9076879024505615,0.9076879024505615,0.980954647064209,0,0.0,0.0,0.0,
Z,-41.80879211425781,-96.5858154296875,11.262378692626953,2.0,2.0,0.5,0,1.570796251296997,-0.0,4.71238899230957,
Z,-6.476774215698242,-84.142822265625,11.262378692626953,2.0,2.0,0.5,0,1.570796251296997,-0.0,4.71238899230957,
