J,0.0,-0.0,1.5161607265472412,1.0,1.000001907348633,2.0,0,1.570796251296997,-0.0,0.0,
S,0.43320703506469727,-11.293323516845703,0.0,10.0,31.0,0.5,0,0.0,0.0,0.0,
S,5.634180068969727,-31.804332733154297,0.0,21.0,10.0,0.5,0,0.0,0.0,0.0,
S,21.011459350585938,-37.21992874145508,0.0,10.0,20.0,0.5,0,0.0,-0.0,0.0,
S,33.01521682739258,-42.231624603271484,0.0,14.0,10.0,0.5,0,0.0,0.0,0.0,
O,28.484954833984375,-52.97952651977539,-0.009104251861572266,5.0,11.600000381469727,0.5,0,0.0,0.0,0.0,
M,28.270606994628906,-52.90864181518555,-3.284543752670288,24.0,11.5,0.5,0,0.0,0.0,0.0,
S,28.21508026123047,-62.78974151611328,0.0,24.0,8.0,0.5,0,0.0,0.0,0.0,
S,-8.032266616821289,-23.043277740478516,0.0,7.0,6.0,0.5,0,0.0,0.0,0.0,
S,12.662679672241211,-70.77588653564453,0.0,27.5,8.0,0.5,0,0.0,0.0,0.0,
S,6.662446975708008,-84.20020294189453,0.0,15.0,19.0,0.5,0,0.0,0.0,0.0,
P,6.387460231781006,-10.479076385498047,2.1577401161193848,2.0,30.25,4.699999809265137,0,0.0,0.0,0.0,
P,16.90410804748535,-26.386913299560547,2.1577401161193848,23.0,2.0,4.699999809265137,0,0.0,0.0,0.0,
P,26.96628189086914,-32.20681381225586,2.1577401161193848,2.0,9.699999809265137,4.699999809265137,0,0.0,0.0,0.0,
P,31.447433471679688,-42.02643966674805,2.1577401161193848,11.0,2.0,4.699999809265137,0,0.0,0.0,0.0,
P,40.990936279296875,-52.07876968383789,0.47999998927116394,2.0,34.0,8.0,0,0.0,0.0,0.0,
P,33.994171142578125,-67.76689910888672,2.1577401161193848,12.199999809265137,2.0,4.699999809265137,0,0.0,0.0,0.0,
P,27.16147232055664,-70.7340087890625,2.1577401161193848,1.5,8.0,4.699999809265137,0,0.0,0.0,0.0,
P,16.494876861572266,-75.00598907470703,2.1577401161193848,22.0,0.5,4.699999809265137,0,0.0,0.0,0.0,
P,15.129361152648926,-83.27098846435547,2.21388840675354,2.0,16.0,4.699999809265137,0,0.0,0.0,0.0,
P,11.548513412475586,-91.74153900146484,2.1577401161193848,7.0,4.0,4.699999809265137,0,0.0,0.0,0.0,
P,-1.8358612060546875,-86.35630798339844,1.976516604423523,2.0,6.90000057220459,4.699999809265137,0,0.0,0.0,0.0,
P,-8.810721397399902,-75.01570892333984,2.0092103481292725,16.0,16.0,4.699999809265137,0,0.0,0.0,0.0,
P,5.747211933135986,-51.897274017333984,-0.3751530647277832,20.799999237060547,30.200000762939453,9.399999618530273,0,0.0,0.0,0.0,
P,-10.361615180969238,-31.574054718017578,1.9779777526855469,12.0,11.0,4.699999809265137,0,0.0,0.0,0.0,
P,-8.516243934631348,-7.727100372314453,2.1577401161193848,8.0,25.0,4.699999809265137,0,0.0,0.0,0.0,
P,-12.533665657043457,-23.119770050048828,2.1577401161193848,2.0,5.800000190734863,4.699999809265137,0,0.0,0.0,0.0,
P,0.44651317596435547,5.144443511962891,2.1577401161193848,10.199999809265137,2.0,4.699999809265137,0,0.0,0.0,0.0,
P,26.936561584472656,-39.0416145324707,2.1577401161193848,2.0,4.0,4.699999809265137,0,0.0,0.0,0.0,
P,33.98220443725586,-36.2562370300293,2.1577401161193848,12.0,2.0,4.699999809265137,0,0.0,0.0,0.0,
P,1.6564278602600098,-7.339946746826172,2.1577401161193848,7.5,7.0,4.699999809265137,0,0.0,0.0,0.0,
T,-3.214050769805908,-8.435680389404297,1.9552099704742432,2.799999952316284,1.0,1.0,0,0.0,0.0,0.0,
T,-3.2121071815490723,-6.642230987548828,1.9552099704742432,2.799999952316284,1.0,1.0,0,0.0,0.0,0.0,
T,-3.2187390327453613,-10.120136260986328,1.9552099704742432,2.799999952316284,1.0,1.0,0,0.0,0.0,0.0,
T,-3.1583571434020996,-5.081722259521484,1.9552099704742432,2.799999952316284,1.0,1.0,0,0.0,0.0,0.0,
P,28.068389892578125,-59.71632385253906,-2.3321480751037598,24.000001907348633,2.0,4.699999809265137,0,0.0,0.0,0.0,
P,28.23816680908203,-46.19735336303711,-2.4600682258605957,24.000001907348633,2.0,4.699999809265137,0,0.0,0.0,0.0,
P,1.6512963771820068,-91.74153900146484,2.1577401161193848,7.0,4.0,4.699999809265137,0,0.0,0.0,0.0,
P,6.398791313171387,-94.71546173095703,2.181417942047119,4.0,2.0,4.699999809265137,0,0.0,0.0,0.0,
Y,6.583838939666748,-91.02954864501953,2.4023094177246094,2.700000047683716,2.0,4.300000190734863,0,0.0,0.0,0.0,
P,6.381785869598389,-93.70056915283203,4.74129581451416,20.0,8.0,0.5,0,0.0,0.0,0.0,
B,10.17959976196289,-68.30488586425781,1.2916799783706665,2.5,2.5,2.5,0,0.0,0.0,0.0,
B,10.17959976196289,-70.84900665283203,1.307360053062439,2.5,2.5,2.5,0,0.0,0.0,0.0,
B,10.17959976196289,-73.46813201904297,1.2918699979782104,2.5,2.5,2.5,0,0.0,0.0,0.0,
H,38.28596878051758,-45.730281829833984,0.3643699288368225,0.357915997505188,0.4581829905509949,0.357915997505188,0,1.570796251296997,-0.0,0.0,
Z,0.9278249740600586,-88.1261978149414,1.510581374168396,1.0,0.0,0.0,0,0.0,0.0,0.0,
W,28.60413360595703,-39.15487289428711,1.2626113891601562,1.0,2.0,1.0000020265579224,0,1.570796251296997,-0.0,0.0,
N,6.635610103607178,-89.92060089111328,2.1915199756622314,0.20000000298023224,3.0,4.699999809265137,0,0.0,0.0,4.71238899230957,
A,-10.560400009155273,-23.468799591064453,0.36281800270080566,1.0,0.4999999701976776,0.5,0,0.0,0.0,1.5707963705062866,
V,11.772500038146973,-85.19120025634766,0.5651559829711914,0.5238684415817261,1.2309600114822388,0.6991450786590576,0,0.0,0.0,4.71238899230957,
P,10.947834968566895,-89.47467041015625,3.5,0.4395761489868164,0.9324641227722168,0.5594785213470459,0,1.5654925107955933,0.0033156725112348795,9.430776596069336,
P,2.404294013977051,-89.47467041015625,3.5,0.4395761489868164,0.9324641227722168,0.5594785213470459,0,1.5654925107955933,0.0033156725112348795,9.430776596069336,
P,38.08158493041992,-65.53772735595703,0.1906614750623703,1.0786799192428589,4.536984920501709,2.542165756225586,0,1.570796251296997,-0.0,-1.9595893621444702,
P,4.049300193786621,-12.322554588317871,0.274951696395874,1.0786800384521484,4.536984920501709,2.542165994644165,0,1.570796251296997,-0.0,-0.9807259440422058,
P,4.8428239822387695,-3.4067952632904053,0.07735463231801987,1.9449230432510376,0.6935160160064697,1.6591789722442627,0,1.570796251296997,-0.0,1.717789649963379,
P,25.613828659057617,-27.59543228149414,-0.07181620597839355,1.3743159770965576,0.4900503158569336,1.172404408454895,0,1.570796251296997,-0.0,-0.4233446419239044,
P,18.863800048828125,-59.38825988769531,0.07735463231801987,0.8838935494422913,0.3151766359806061,0.7540337443351746,0,1.570796251296997,-0.0,-0.4233446419239044,
P,16.69784927368164,-59.38825988769531,0.07735463231801987,2.0182905197143555,0.719677209854126,1.721767544746399,0,4.71238899230957,-3.1415927410125732,0.7249200940132141,
P,24.27216339111328,-73.70960235595703,0.0,0.9076880216598511,0.9784129858016968,0.9076870083808899,0,0.6801267266273499,0.7504681944847107,-1.5913640260696411,
P,0.4590911865234375,-68.21287536621094,0.4223369359970093,1.0786800384521484,4.536984920501709,2.542165994644165,0,1.570796251296997,-0.0,-2.5810437202453613,
P,4.8428239822387695,-36.070945739746094,0.07735463231801987,1.3743159770965576,0.4900503158569336,1.172404408454895,0,1.570796251296997,-0.0,-0.4233446419239044,